1000
999
996
995
993
990
987
985
984
981
980
978
975
972
970
969
966
965
963
960
957
955
954
951
950
948
945
942
940
939
936
935
933
930
927
925
924
921
920
918
915
912
910
909
906
905
903
900
897
895
894
891
890
888
885
882
880
879
876
875
873
870
867
865
864
861
860
858
855
852
850
849
846
845
843
840
837
835
834
831
830
828
825
822
820
819
816
815
813
810
807
805
804
801
800
798
795
792
790
789
786
785
783
780
777
775
774
771
770
768
765
762
760
759
756
755
753
750
747
745
744
741
740
738
735
732
730
729
726
725
723
720
717
715
714
711
710
708
705
702
700
699
696
695
693
690
687
685
684
681
680
678
675
672
670
669
666
665
663
660
657
655
654
651
650
648
645
642
640
639
636
635
633
630
627
625
624
621
620
618
615
612
610
609
606
605
603
600
597
595
594
591
590
588
585
582
580
579
576
575
573
570
567
565
564
561
560
558
555
552
550
549
546
545
543
540
537
535
534
531
530
528
525
522
520
519
516
515
513
510
507
505
504
501
500
498
495
492
490
489
486
485
483
480
477
475
474
471
470
468
465
462
460
459
456
455
453
450
447
445
444
441
440
438
435
432
430
429
426
425
423
420
417
415
414
411
410
408
405
402
400
399
396
395
393
390
387
385
384
381
380
378
375
372
370
369
366
365
363
360
357
355
354
351
350
348
345
342
340
339
336
335
333
330
327
325
324
321
320
318
315
312
310
309
306
305
303
300
297
295
294
291
290
288
285
282
280
279
276
275
273
270
267
265
264
261
260
258
255
252
250
249
246
245
243
240
237
235
234
231
230
228
225
222
220
219
216
215
213
210
207
205
204
201
200
198
195
192
190
189
186
185
183
180
177
175
174
171
170
168
165
162
160
159
156
155
153
150
147
145
144
141
140
138
135
132
130
129
126
125
123
120
117
115
114
111
110
108
105
102
100
99
96
95
93
90
87
85
84
81
80
78
75
72
70
69
66
65
63
60
57
55
54
51
50
48
45
42
40
39
36
35
33
30
27
25
24
21
20
18
15
12
10
9
6
5
3